21-create-many
5,3725829,4946224
10,3720908,5132249
15,3723112,5280106
20,3779514,5438660
25,3869043,5585889
30,3889388,5754888
35,3919754,5919994
40,4020487,6064912
45,3960042,6193581
50,4012924,6410530
55,4001368,6482580
60,4144289,7086553
65,4151703,7161036
70,4252605,7821406
75,4401642,7315869
80,4305213,7343452
85,4176922,7687255
90,4154708,7656397
95,4367492,7929972
100,4462433,7688645

22-create-many-recursive
5,3754066,4879687
10,3815816,5343095
15,3858518,5605509
20,3948922,5979590
25,4104349,6318406
30,4236947,6716372
35,4372624,6853093
40,4505913,7187810
45,4670113,7489784
50,4990696,7799515
55,5192953,7970620
60,5342732,8820028
65,5503982,8906848
70,5751588,8241058
75,5988807,9343178
80,6792715,9635031
85,7052843,10713905
90,8021370,10847035
95,7726933,10309092
100,8196879,10520951

23-create-many-once
5,3661642,4949205
10,3838324,5224993
15,3790155,5628607
20,3736693,5770690
25,3834111,6115799
30,3797045,6344237
35,3899315,6653967
40,3911065,6977402
45,3892294,7142422
50,3923733,6946954
55,3862290,7999154
60,4001761,7990214
65,3949631,8345967
70,4207456,8734379
75,4102183,8939506
80,4217187,9193711
85,4185791,9555427
90,4446312,10197070
95,4282711,10059261
100,4325844,10753499

31-switch-many
5,3730862,4894422
10,5049012,5606471
15,4398147,6633815
20,4143369,6908618
25,5393704,7989532
30,4550424,7459101
35,5079154,8289620
40,5274851,8931566
45,5681842,9355391
50,5938910,10865554
55,6374707,11024420
60,6793897,12872441
65,7278796,12717827
70,7927872,14396401
75,8496321,15420205
80,9076813,16725664
85,9289029,18332774
90,10378851,18982295
95,11168167,19911291
100,11912176,20854674

32-switch-many-join
30,5266696,7284616
60,8259836,8724955
90,13376404,11396066
120,18914702,11922908
150,25761993,13923702
180,32162289,16003027
210,43468257,17563498
240,50472148,19406708
270,63688920,21469383
300,75524433,22822813
330,91271477,24190923
360,107700089,27961993
390,128879807,27702084
420,142210672,28836638
450,159876383,32357524
480,185189835,31039114
510,201793628,33404310
540,224448357,34164306
570,249171177,34918199
600,280958262,35101609

51-fibonacci
2,3335785,4124471
4,3252282,4366418
6,3464776,4867975
8,3599360,6263924
10,4273648,9660820
12,5970858,18252195
14,10101292,40852876
16,21249921,100224061
18,52213427,266768355
20,143962710,770153876

61-mutex
2,15892107,11698664
4,22869325,18824325
6,30406813,24581775
8,36449390,29850531
10,43360716,34213723
12,50656373,39202465
14,56788439,43003326
16,63472884,46195425
18,69864251,50127880
20,76695034,55137639

62-mutex
2,43397237,55157479
4,77648310,126835185
6,109068988,193130332
8,142895595,244324770
10,175020681,285514864
12,206883149,324228062
14,241371930,359490266
16,276255869,407133908
